218.000000 94.000000 0 
252.000000 112.000000 0 
243.000000 95.000000 0 
250.000000 88.000000 0 
345.000000 165.000000 0 
162.000000 113.000000 0 
209.000000 77.000000 0 
225.000000 97.000000 0 
207.000000 105.000000 0 
208.000000 104.000000 0 
230.000000 106.000000 0 
273.000000 102.000000 0 
216.000000 134.000000 0 
234.000000 116.000000 0 
225.000000 120.000000 0 
246.000000 114.000000 0 
255.000000 123.000000 0 
218.000000 160.000000 0 
329.000000 198.000000 0 
239.000000 125.000000 0 
584.000000 235.000000 0 
542.000000 172.000000 0 
548.000000 212.000000 0 
594.000000 286.000000 0 
535.000000 165.000000 0 
692.000000 188.000000 0 
699.000000 221.000000 0 
547.000000 156.000000 0 
613.000000 207.000000 0 
590.000000 238.000000 0 
589.000000 225.000000 0 
639.000000 81.000000 0 
633.000000 159.000000 0 
456.000000 156.000000 0 
540.000000 296.000000 0 
610.000000 182.000000 0 
507.000000 141.000000 0 
541.000000 299.000000 0 
581.000000 238.000000 0 
456.000000 174.000000 0 
577.000000 158.000000 0 
529.000000 171.000000 0 
533.000000 202.000000 0 
623.000000 213.000000 0 
625.000000 410.000000 0 
564.000000 234.000000 0 
471.000000 285.000000 0 
580.000000 212.000000 0 
522.000000 198.000000 0 
572.000000 286.000000 0 
488.000000 212.000000 0 
453.000000 177.000000 0 
580.000000 180.000000 0 
542.000000 193.000000 0 
599.000000 193.000000 0 
527.000000 173.000000 0 
591.000000 186.000000 0 
694.000000 296.000000 0 
628.000000 407.000000 0 
543.000000 271.000000 0 
576.000000 194.000000 0 
475.000000 171.000000 0 
492.000000 154.000000 0 
657.000000 303.000000 0 
421.000000 173.000000 0 
501.000000 219.000000 0 
525.000000 245.000000 0 
663.000000 151.000000 0 
611.000000 203.000000 0 
614.000000 200.000000 0 
505.000000 179.000000 0 
567.000000 203.000000 0 
603.000000 294.000000 0 
471.000000 209.000000 0 
665.000000 232.000000 0 
570.000000 222.000000 0 
505.000000 265.000000 0 
546.000000 189.000000 0 
541.000000 159.000000 0 
473.000000 207.000000 0 
468.000000 212.000000 0 
446.000000 254.000000 0 
543.000000 227.000000 0 
586.000000 170.000000 0 
530.000000 190.000000 0 
485.000000 195.000000 0 
493.000000 200.000000 0 
428.000000 232.000000 0 
427.000000 276.000000 0 
418.000000 247.000000 0 
592.000000 248.000000 0 
552.000000 240.000000 0 
561.000000 336.000000 0 
544.000000 336.000000 0 
487.000000 313.000000 0 
465.000000 333.000000 0 
400.000000 284.000000 0 
519.000000 237.000000 0 
512.000000 168.000000 0 
520.000000 140.000000 0 
121.000000 68.000000 1 
126.000000 56.000000 1 
99.000000 69.000000 1 
125.000000 64.000000 1 
118.000000 44.000000 1 
108.000000 42.000000 1 
121.000000 68.000000 1 
126.000000 56.000000 1 
112.000000 44.000000 1 
131.000000 51.000000 1 
85.000000 30.000000 1 
89.000000 36.000000 1 
81.000000 39.000000 1 
103.000000 53.000000 1 
117.000000 65.000000 1 
119.000000 43.000000 1 
112.000000 44.000000 1 
125.000000 50.000000 1 
103.000000 41.000000 1 
99.000000 39.000000 1 
170.000000 100.000000 1 
100.000000 50.000000 1 
121.000000 68.000000 1 
308.000000 124.000000 1 
300.000000 96.000000 1 
227.000000 70.000000 1 
230.000000 67.000000 1 
297.000000 123.000000 1 
257.000000 93.000000 1 
383.000000 373.000000 1 
234.000000 116.000000 1 
220.000000 104.000000 1 
365.000000 230.000000 1 
330.000000 246.000000 1 
366.000000 167.000000 1 
294.000000 126.000000 1 
240.000000 120.000000 1 
250.000000 113.000000 1 
310.000000 194.000000 1 
354.000000 206.000000 1 
365.000000 227.000000 1 
353.000000 223.000000 1 
253.000000 53.000000 1 
228.000000 87.000000 1 
271.000000 114.000000 1 
257.000000 128.000000 1 
314.000000 118.000000 1 
254.000000 106.000000 1 
322.000000 118.000000 1 
299.000000 169.000000 1 
275.000000 133.000000 1 
326.000000 164.000000 1 
310.000000 158.000000 1 
348.000000 192.000000 1 
287.000000 217.000000 1 
238.000000 125.000000 1 
325.000000 156.000000 1 
280.000000 210.000000 1 
431.000000 198.000000 1 
257.000000 93.000000 1 
244.000000 116.000000 1 
253.000000 97.000000 1 
296.000000 144.000000 1 
231.000000 109.000000 1 
284.000000 123.000000 1 
301.000000 143.000000 1 
295.000000 149.000000 1 
232.000000 104.000000 1 
266.000000 119.000000 1 
340.000000 92.000000 1 
229.000000 101.000000 1 
252.000000 88.000000 1 
438.000000 228.000000 1 
260.000000 136.000000 1 
279.000000 139.000000 1 
237.000000 170.000000 1 
300.000000 132.000000 1 
283.000000 125.000000 1 
285.000000 111.000000 1 
326.000000 234.000000 1 
217.000000 80.000000 1 
267.000000 107.000000 1 
292.000000 82.000000 1 
332.000000 214.000000 1 
268.000000 82.000000 1 
307.000000 125.000000 1 
228.000000 112.000000 1 
217.000000 103.000000 1 
217.000000 103.000000 1 
276.000000 156.000000 1 
269.000000 105.000000 1 
292.000000 233.000000 1 
320.000000 205.000000 1 
320.000000 205.000000 1 
382.000000 122.000000 1 
302.000000 94.000000 1 
294.000000 210.000000 1 
258.000000 197.000000 1 
294.000000 210.000000 1 
258.000000 197.000000 1 
260.000000 118.000000 2 
239.000000 99.000000 2 
239.000000 112.000000 2 
260.000000 118.000000 2 
261.000000 103.000000 2 
234.000000 116.000000 2 
260.000000 118.000000 2 
239.000000 99.000000 2 
232.000000 106.000000 2 
253.000000 125.000000 2 
187.000000 113.000000 2 
194.000000 131.000000 2 
184.000000 116.000000 2 
225.000000 139.000000 2 
237.000000 127.000000 2 
249.000000 129.000000 2 
217.000000 121.000000 2 
223.000000 102.000000 2 
218.000000 107.000000 2 
213.000000 87.000000 2 
226.000000 152.000000 2 
277.000000 101.000000 2 
210.000000 115.000000 2 
204.000000 146.000000 2 
337.000000 257.000000 2 
289.000000 146.000000 2 
196.000000 155.000000 2 
212.000000 180.000000 2 
192.000000 107.000000 2 
198.000000 114.000000 2 
229.000000 96.000000 2 
158.000000 94.000000 2 
289.000000 206.000000 2 
261.000000 174.000000 2 
293.000000 296.000000 2 
289.000000 206.000000 2 
261.000000 174.000000 2 
293.000000 296.000000 2 
235.000000 155.000000 2 
216.000000 109.000000 2 
166.000000 122.000000 2 
182.000000 130.000000 2 
197.000000 141.000000 2 
216.000000 109.000000 2 
206.000000 144.000000 2 
176.000000 149.000000 2 
235.000000 157.000000 2 
221.000000 171.000000 2 
215.000000 163.000000 2 
234.000000 201.000000 2 
207.000000 144.000000 2 
244.000000 148.000000 2 
244.000000 148.000000 2 
311.000000 301.000000 2 
311.000000 301.000000 2 
243.000000 149.000000 2 
239.000000 86.000000 2 
225.000000 153.000000 2 
176.000000 160.000000 2 
231.000000 119.000000 2 
239.000000 86.000000 2 
225.000000 153.000000 2 
225.000000 153.000000 2 
176.000000 160.000000 2 
231.000000 119.000000 2 
231.000000 119.000000 2 
207.000000 131.000000 2 
212.000000 152.000000 2 
202.000000 136.000000 2 
218.000000 188.000000 2 
207.000000 118.000000 2 
277.000000 248.000000 2 
227.000000 111.000000 2 
213.000000 147.000000 2 
200.000000 88.000000 2 
222.000000 183.000000 2 
227.000000 111.000000 2 
502.000000 356.000000 2 
495.000000 319.000000 2 
558.000000 378.000000 2 
404.000000 336.000000 2 
537.000000 360.000000 2 
515.000000 474.000000 2 
556.000000 295.000000 2 
556.000000 295.000000 2 
470.000000 233.000000 2 
494.000000 262.000000 2 
573.000000 363.000000 2 
450.000000 408.000000 2 
441.000000 420.000000 2 
426.000000 254.000000 2 
444.000000 228.000000 2 
469.000000 211.000000 2 
403.000000 448.000000 2 
377.000000 363.000000 2 
491.000000 389.000000 2 
556.000000 368.000000 2 
460.000000 240.000000 2 
478.000000 424.000000 2 
446.000000 373.000000 2 
250.000000 128.000000 3 
289.000000 89.000000 3 
167.000000 158.000000 3 
221.000000 129.000000 3 
205.000000 133.000000 3 
205.000000 159.000000 3 
210.000000 222.000000 3 
220.000000 92.000000 3 
206.000000 132.000000 3 
230.000000 145.000000 3 
230.000000 145.000000 3 
180.000000 119.000000 3 
201.000000 137.000000 3 
213.000000 151.000000 3 
216.000000 109.000000 3 
283.000000 473.000000 3 
233.000000 131.000000 3 
236.000000 139.000000 3 
216.000000 109.000000 3 
283.000000 473.000000 3 
236.000000 139.000000 3 
284.000000 196.000000 3 
199.000000 87.000000 3 
199.000000 87.000000 3 
200.000000 112.000000 3 
187.000000 125.000000 3 
223.000000 155.000000 3 
252.000000 153.000000 3 
199.000000 87.000000 3 
269.000000 136.000000 3 
243.000000 162.000000 3 
240.000000 152.000000 3 
204.000000 160.000000 3 
204.000000 160.000000 3 
232.000000 160.000000 3 
235.000000 199.000000 3 
250.000000 230.000000 3 
186.000000 174.000000 3 
214.000000 206.000000 3 
222.000000 103.000000 3 
270.000000 226.000000 3 
208.000000 130.000000 3 
186.000000 126.000000 3 
209.000000 103.000000 3 
206.000000 172.000000 3 
250.000000 155.000000 3 
201.000000 124.000000 3 
216.000000 122.000000 3 
185.000000 140.000000 3 
196.000000 129.000000 3 
196.000000 129.000000 3 
265.000000 110.000000 3 
253.000000 182.000000 3 
233.000000 172.000000 3 
244.000000 220.000000 3 
224.000000 196.000000 3 
245.000000 327.000000 3 
246.000000 146.000000 3 
227.000000 148.000000 3 
192.000000 133.000000 3 
240.000000 110.000000 3 
265.000000 125.000000 3 
235.000000 157.000000 3 
180.000000 171.000000 3 
159.000000 94.000000 3 
245.000000 147.000000 3 
201.000000 135.000000 3 
226.000000 260.000000 3 
234.000000 171.000000 3 
204.000000 146.000000 3 
254.000000 211.000000 3 
242.000000 83.000000 3 
191.000000 108.000000 3 
273.000000 207.000000 3 
221.000000 143.000000 3 
202.000000 134.000000 3 
284.000000 91.000000 3 
229.000000 191.000000 3 
233.000000 145.000000 3 
240.000000 152.000000 3 
206.000000 106.000000 3 
281.000000 139.000000 3 
272.000000 208.000000 3 
239.000000 125.000000 3 
212.000000 138.000000 3 
192.000000 200.000000 3 
230.000000 205.000000 3 
192.000000 200.000000 3 
230.000000 205.000000 3 
173.000000 139.000000 3 
177.000000 111.000000 3 
126.000000 138.000000 3 
202.000000 162.000000 3 
180.000000 132.000000 3 
192.000000 96.000000 3 
218.000000 217.000000 3 
211.000000 140.000000 3 
238.000000 100.000000 3 
230.000000 220.000000 3 
459.000000 399.000000 3 
232.000000 188.000000 4 
236.000000 276.000000 4 
139.000000 101.000000 4 
198.000000 250.000000 4 
159.000000 129.000000 4 
205.000000 200.000000 4 
198.000000 207.000000 4 
220.000000 228.000000 4 
192.000000 183.000000 4 
181.000000 169.000000 4 
191.000000 108.000000 4 
211.000000 139.000000 4 
284.000000 276.000000 4 
162.000000 126.000000 4 
252.000000 212.000000 4 
237.000000 153.000000 4 
211.000000 164.000000 4 
223.000000 141.000000 4 
209.000000 181.000000 4 
217.000000 158.000000 4 
205.000000 120.000000 4 
203.000000 157.000000 4 
244.000000 176.000000 4 
229.000000 177.000000 4 
261.000000 252.000000 4 
202.000000 190.000000 4 
183.000000 153.000000 4 
180.000000 156.000000 4 
205.000000 227.000000 4 
182.000000 130.000000 4 
230.000000 190.000000 4 
198.000000 166.000000 4 
188.000000 172.000000 4 
227.000000 208.000000 4 
209.000000 239.000000 4 
235.000000 213.000000 4 
190.000000 146.000000 4 
188.000000 124.000000 4 
284.000000 196.000000 4 
229.000000 176.000000 4 
280.000000 200.000000 4 
189.000000 99.000000 4 
207.000000 115.000000 4 
127.000000 192.000000 4 
200.000000 175.000000 4 
160.000000 152.000000 4 
160.000000 152.000000 4 
200.000000 190.000000 4 
230.000000 186.000000 4 
249.000000 171.000000 4 
195.000000 104.000000 4 
239.000000 111.000000 4 
211.000000 209.000000 4 
265.000000 247.000000 4 
244.000000 146.000000 4 
249.000000 215.000000 4 
296.000000 184.000000 4 
219.000000 171.000000 4 
194.000000 121.000000 4 
180.000000 225.000000 4 
159.000000 149.000000 4 
200.000000 205.000000 4 
171.000000 154.000000 4 
218.000000 262.000000 4 
209.000000 141.000000 4 
213.000000 151.000000 4 
229.000000 281.000000 4 
157.000000 140.000000 4 
185.000000 165.000000 4 
206.000000 186.000000 4 
149.000000 148.000000 4 
187.000000 149.000000 4 
182.000000 130.000000 4 
182.000000 130.000000 4 
166.000000 146.000000 4 
179.000000 133.000000 4 
173.000000 152.000000 4 
186.000000 139.000000 4 
197.000000 153.000000 4 
205.000000 173.000000 4 
216.000000 311.000000 4 
209.000000 211.000000 4 
167.000000 145.000000 4 
204.000000 121.000000 4 
255.000000 334.000000 4 
204.000000 121.000000 4 
186.000000 126.000000 4 
248.000000 296.000000 4 
258.000000 222.000000 4 
140.000000 124.000000 4 
222.000000 142.000000 4 
233.000000 187.000000 4 
187.000000 173.000000 4 
208.000000 130.000000 4 
209.000000 155.000000 4 
212.000000 163.000000 4 
264.000000 212.000000 4 
189.000000 161.000000 4 
183.000000 192.000000 4 
237.000000 243.000000 4 
291.000000 87.000000 5 
273.000000 65.000000 5 
277.000000 87.000000 5 
295.000000 83.000000 5 
281.000000 97.000000 5 
243.000000 69.000000 5 
291.000000 87.000000 5 
273.000000 65.000000 5 
244.000000 94.000000 5 
285.000000 79.000000 5 
216.000000 84.000000 5 
207.000000 93.000000 5 
195.000000 69.000000 5 
241.000000 110.000000 5 
252.000000 86.000000 5 
269.000000 95.000000 5 
243.000000 95.000000 5 
259.000000 79.000000 5 
245.000000 80.000000 5 
235.000000 53.000000 5 
239.000000 125.000000 5 
225.000000 100.000000 5 
348.000000 57.000000 5 
239.000000 99.000000 5 
271.000000 121.000000 5 
188.000000 137.000000 5 
235.000000 115.000000 5 
205.000000 107.000000 5 
265.000000 99.000000 5 
267.000000 209.000000 5 
271.000000 135.000000 5 
244.000000 81.000000 5 
223.000000 128.000000 5 
371.000000 109.000000 5 
382.000000 162.000000 5 
238.000000 112.000000 5 
272.000000 128.000000 5 
243.000000 93.000000 5 
238.000000 112.000000 5 
272.000000 128.000000 5 
204.000000 84.000000 5 
226.000000 112.000000 5 
225.000000 113.000000 5 
233.000000 117.000000 5 
233.000000 117.000000 5 
300.000000 212.000000 5 
222.000000 114.000000 5 
231.000000 94.000000 5 
204.000000 108.000000 5 
245.000000 106.000000 5 
231.000000 94.000000 5 
251.000000 126.000000 5 
222.000000 170.000000 5 
342.000000 219.000000 5 
285.000000 93.000000 5 
257.000000 135.000000 5 
277.000000 158.000000 5 
270.000000 122.000000 5 
270.000000 122.000000 5 
287.000000 193.000000 5 
287.000000 193.000000 5 
231.000000 94.000000 5 
264.000000 86.000000 5 
264.000000 86.000000 5 
275.000000 145.000000 5 
289.000000 131.000000 5 
244.000000 148.000000 5 
274.000000 161.000000 5 
197.000000 67.000000 5 
238.000000 122.000000 5 
197.000000 67.000000 5 
368.000000 297.000000 5 
258.000000 78.000000 5 
261.000000 77.000000 5 
246.000000 79.000000 5 
257.000000 93.000000 5 
309.000000 126.000000 5 
364.000000 194.000000 5 
364.000000 194.000000 5 
323.000000 141.000000 5 
243.000000 108.000000 5 
286.000000 134.000000 5 
196.000000 129.000000 5 
225.000000 139.000000 5 
277.000000 129.000000 5 
196.000000 68.000000 5 
219.000000 117.000000 5 
286.000000 134.000000 5 
286.000000 134.000000 5 
318.000000 132.000000 5 
342.000000 266.000000 5 
567.000000 168.000000 5 
469.000000 287.000000 5 
477.000000 223.000000 5 
557.000000 220.000000 5 
555.000000 325.000000 5 
624.000000 408.000000 5 
600.000000 360.000000 5 
466.000000 254.000000 5 
447.000000 233.000000 5 
229.000000 122.000000 6 
232.000000 132.000000 6 
260.000000 205.000000 6 
225.000000 111.000000 6 
201.000000 150.000000 6 
178.000000 134.000000 6 
209.000000 103.000000 6 
204.000000 108.000000 6 
243.000000 93.000000 6 
172.000000 92.000000 6 
201.000000 124.000000 6 
224.000000 154.000000 6 
226.000000 124.000000 6 
221.000000 117.000000 6 
240.000000 138.000000 6 
224.000000 154.000000 6 
226.000000 124.000000 6 
206.000000 106.000000 6 
181.000000 143.000000 6 
213.000000 112.000000 6 
222.000000 128.000000 6 
189.000000 99.000000 6 
245.000000 133.000000 6 
279.000000 265.000000 6 
188.000000 112.000000 6 
218.000000 120.000000 6 
236.000000 142.000000 6 
236.000000 142.000000 6 
271.000000 209.000000 6 
271.000000 209.000000 6 
188.000000 112.000000 6 
218.000000 120.000000 6 
217.000000 147.000000 6 
217.000000 121.000000 6 
217.000000 147.000000 6 
217.000000 121.000000 6 
217.000000 121.000000 6 
219.000000 131.000000 6 
221.000000 199.000000 6 
203.000000 109.000000 6 
200.000000 88.000000 6 
200.000000 88.000000 6 
210.000000 115.000000 6 
211.000000 140.000000 6 
221.000000 243.000000 6 
183.000000 117.000000 6 
278.000000 187.000000 6 
229.000000 109.000000 6 
191.000000 160.000000 6 
206.000000 200.000000 6 
176.000000 124.000000 6 
180.000000 145.000000 6 
253.000000 153.000000 6 
232.000000 174.000000 6 
193.000000 119.000000 6 
261.000000 131.000000 6 
243.000000 163.000000 6 
187.000000 138.000000 6 
218.000000 217.000000 6 
251.000000 169.000000 6 
169.000000 107.000000 6 
178.000000 134.000000 6 
178.000000 86.000000 6 
166.000000 98.000000 6 
195.000000 183.000000 6 
216.000000 148.000000 6 
234.000000 116.000000 6 
244.000000 161.000000 6 
222.000000 156.000000 6 
248.000000 172.000000 6 
248.000000 172.000000 6 
275.000000 201.000000 6 
209.000000 103.000000 6 
205.000000 107.000000 6 
234.000000 130.000000 6 
263.000000 142.000000 6 
299.000000 241.000000 6 
269.000000 179.000000 6 
201.000000 111.000000 6 
224.000000 101.000000 6 
236.000000 100.000000 6 
247.000000 145.000000 6 
237.000000 99.000000 6 
238.000000 87.000000 6 
278.000000 232.000000 6 
331.000000 165.000000 6 
286.000000 194.000000 6 
295.000000 185.000000 6 
291.000000 189.000000 6 
320.000000 160.000000 6 
318.000000 178.000000 6 
155.000000 144.000000 6 
223.000000 183.000000 6 
223.000000 183.000000 6 
194.000000 198.000000 6 
213.000000 99.000000 6 
179.000000 133.000000 6 
206.000000 200.000000 6 
178.000000 110.000000 6 
114.000000 126.000000 6 
167.000000 133.000000 7 
220.000000 144.000000 7 
179.000000 159.000000 7 
200.000000 178.000000 7 
178.000000 186.000000 7 
204.000000 231.000000 7 
213.000000 207.000000 7 
172.000000 206.000000 7 
182.000000 156.000000 7 
183.000000 155.000000 7 
182.000000 182.000000 7 
193.000000 143.000000 7 
233.000000 232.000000 7 
154.000000 145.000000 7 
154.000000 145.000000 7 
202.000000 162.000000 7 
207.000000 157.000000 7 
153.000000 185.000000 7 
193.000000 158.000000 7 
154.000000 145.000000 7 
149.000000 151.000000 7 
201.000000 263.000000 7 
169.000000 169.000000 7 
171.000000 129.000000 7 
173.000000 139.000000 7 
169.000000 119.000000 7 
183.000000 168.000000 7 
197.000000 219.000000 7 
171.000000 129.000000 7 
173.000000 139.000000 7 
169.000000 119.000000 7 
183.000000 168.000000 7 
183.000000 168.000000 7 
197.000000 219.000000 7 
201.000000 137.000000 7 
205.000000 159.000000 7 
154.000000 171.000000 7 
172.000000 179.000000 7 
211.000000 209.000000 7 
179.000000 185.000000 7 
154.000000 134.000000 7 
178.000000 172.000000 7 
219.000000 159.000000 7 
181.000000 179.000000 7 
154.000000 134.000000 7 
196.000000 155.000000 7 
198.000000 153.000000 7 
183.000000 155.000000 7 
218.000000 160.000000 7 
156.000000 144.000000 7 
163.000000 201.000000 7 
214.000000 164.000000 7 
225.000000 210.000000 7 
184.000000 180.000000 7 
161.000000 151.000000 7 
169.000000 167.000000 7 
165.000000 160.000000 7 
202.000000 176.000000 7 
276.000000 268.000000 7 
276.000000 268.000000 7 
226.000000 209.000000 7 
175.000000 150.000000 7 
176.000000 174.000000 7 
197.000000 209.000000 7 
186.000000 165.000000 7 
174.000000 177.000000 7 
152.000000 145.000000 7 
143.000000 182.000000 7 
165.000000 225.000000 7 
189.000000 175.000000 7 
191.000000 157.000000 7 
157.000000 168.000000 7 
158.000000 180.000000 7 
163.000000 175.000000 7 
207.000000 143.000000 7 
172.000000 166.000000 7 
172.000000 116.000000 7 
177.000000 148.000000 7 
221.000000 171.000000 7 
375.000000 385.000000 7 
464.000000 416.000000 7 
322.000000 290.000000 7 
397.000000 401.000000 7 
387.000000 297.000000 7 
392.000000 308.000000 7 
421.000000 335.000000 7 
436.000000 392.000000 7 
386.000000 298.000000 7 
380.000000 340.000000 7 
388.000000 315.000000 7 
407.000000 313.000000 7 
433.000000 386.000000 7 
400.000000 436.000000 7 
373.000000 239.000000 7 
358.000000 308.000000 7 
395.000000 405.000000 7 
369.000000 391.000000 7 
296.000000 298.000000 7 
557.000000 499.000000 7 
484.000000 335.000000 7 
242.000000 70.000000 8 
275.000000 117.000000 8 
257.000000 42.000000 8 
275.000000 141.000000 8 
290.000000 126.000000 8 
301.000000 115.000000 8 
259.000000 53.000000 8 
262.000000 102.000000 8 
315.000000 120.000000 8 
308.000000 112.000000 8 
352.000000 144.000000 8 
300.000000 90.000000 8 
315.000000 120.000000 8 
308.000000 112.000000 8 
299.000000 93.000000 8 
324.000000 124.000000 8 
311.000000 53.000000 8 
231.000000 55.000000 8 
219.000000 67.000000 8 
222.000000 78.000000 8 
231.000000 55.000000 8 
219.000000 67.000000 8 
287.000000 209.000000 8 
276.000000 88.000000 8 
231.000000 55.000000 8 
219.000000 67.000000 8 
246.000000 118.000000 8 
279.000000 72.000000 8 
269.000000 81.000000 8 
269.000000 81.000000 8 
323.000000 67.000000 8 
247.000000 65.000000 8 
288.000000 104.000000 8 
293.000000 113.000000 8 
247.000000 65.000000 8 
288.000000 104.000000 8 
288.000000 104.000000 8 
293.000000 113.000000 8 
298.000000 80.000000 8 
237.000000 101.000000 8 
262.000000 76.000000 8 
262.000000 63.000000 8 
255.000000 70.000000 8 
284.000000 80.000000 8 
241.000000 47.000000 8 
289.000000 89.000000 8 
307.000000 113.000000 8 
307.000000 113.000000 8 
283.000000 67.000000 8 
275.000000 117.000000 8 
288.000000 104.000000 8 
228.000000 108.000000 8 
258.000000 78.000000 8 
272.000000 64.000000 8 
258.000000 106.000000 8 
241.000000 109.000000 8 
247.000000 78.000000 8 
243.000000 69.000000 8 
246.000000 66.000000 8 
277.000000 73.000000 8 
314.000000 102.000000 8 
289.000000 86.000000 8 
261.000000 114.000000 8 
229.000000 95.000000 8 
288.000000 87.000000 8 
270.000000 122.000000 8 
277.000000 115.000000 8 
281.000000 161.000000 8 
322.000000 143.000000 8 
322.000000 143.000000 8 
358.000000 170.000000 8 
243.000000 93.000000 8 
259.000000 77.000000 8 
341.000000 107.000000 8 
347.000000 148.000000 8 
289.000000 101.000000 8 
285.000000 105.000000 8 
288.000000 89.000000 8 
310.000000 125.000000 8 
262.000000 50.000000 8 
372.000000 92.000000 8 
316.000000 104.000000 8 
298.000000 66.000000 8 
400.000000 248.000000 8 
360.000000 150.000000 8 
395.000000 149.000000 8 
371.000000 139.000000 8 
383.000000 82.000000 8 
258.000000 92.000000 8 
218.000000 107.000000 8 
234.000000 78.000000 8 
210.000000 78.000000 8 
238.000000 98.000000 8 
244.000000 107.000000 8 
285.000000 150.000000 8 
205.000000 95.000000 8 
209.000000 116.000000 8 
180.000000 120.000000 8 
299.000000 121.000000 8 
269.000000 121.000000 8 
227.000000 85.000000 9 
196.000000 116.000000 9 
213.000000 151.000000 9 
245.000000 175.000000 9 
298.000000 182.000000 9 
257.000000 208.000000 9 
215.000000 121.000000 9 
179.000000 109.000000 9 
198.000000 153.000000 9 
223.000000 115.000000 9 
206.000000 145.000000 9 
251.000000 155.000000 9 
243.000000 162.000000 9 
344.000000 251.000000 9 
156.000000 64.000000 9 
232.000000 128.000000 9 
236.000000 141.000000 9 
236.000000 141.000000 9 
233.000000 118.000000 9 
260.000000 204.000000 9 
206.000000 106.000000 9 
211.000000 101.000000 9 
216.000000 134.000000 9 
206.000000 106.000000 9 
192.000000 108.000000 9 
235.000000 116.000000 9 
217.000000 161.000000 9 
238.000000 182.000000 9 
220.000000 131.000000 9 
221.000000 130.000000 9 
231.000000 119.000000 9 
264.000000 201.000000 9 
264.000000 201.000000 9 
231.000000 119.000000 9 
233.000000 67.000000 9 
231.000000 161.000000 9 
214.000000 124.000000 9 
205.000000 120.000000 9 
243.000000 149.000000 9 
240.000000 138.000000 9 
209.000000 129.000000 9 
204.000000 173.000000 9 
201.000000 111.000000 9 
205.000000 120.000000 9 
197.000000 115.000000 9 
268.000000 122.000000 9 
197.000000 181.000000 9 
187.000000 101.000000 9 
205.000000 133.000000 9 
211.000000 114.000000 9 
247.000000 159.000000 9 
228.000000 97.000000 9 
194.000000 118.000000 9 
179.000000 96.000000 9 
192.000000 133.000000 9 
208.000000 117.000000 9 
204.000000 121.000000 9 
208.000000 104.000000 9 
211.000000 127.000000 9 
186.000000 126.000000 9 
183.000000 129.000000 9 
210.000000 102.000000 9 
204.000000 93.000000 9 
232.000000 106.000000 9 
240.000000 150.000000 9 
243.000000 163.000000 9 
172.000000 92.000000 9 
231.000000 147.000000 9 
208.000000 142.000000 9 
205.000000 155.000000 9 
209.000000 129.000000 9 
227.000000 151.000000 9 
209.000000 129.000000 9 
227.000000 151.000000 9 
249.000000 157.000000 9 
249.000000 171.000000 9 
239.000000 196.000000 9 
243.000000 221.000000 9 
225.000000 180.000000 9 
217.000000 108.000000 9 
235.000000 155.000000 9 
244.000000 176.000000 9 
213.000000 138.000000 9 
242.000000 148.000000 9 
198.000000 114.000000 9 
225.000000 87.000000 9 
254.000000 124.000000 9 
198.000000 114.000000 9 
258.000000 192.000000 9 
249.000000 156.000000 9 
246.000000 118.000000 9 
194.000000 118.000000 9 
146.000000 84.000000 9 
252.000000 140.000000 9 
250.000000 142.000000 9 
275.000000 190.000000 9 
247.000000 89.000000 9 
284.000000 196.000000 9 
356.000000 184.000000 9 
310.000000 106.000000 9 
